18	0.5
0		0		0.3090081824816504		0.5877702605258085		0.8090006559383217		0.95104506302846		0.999999998926914		0.9510736937458322		0.8090551149629135		0.5878452173406992		0.3090963002207636		9.265358966049026e-05		0		0		0		0		0		0		0		0		0		
0.505		0.001560491321532334		-0.003242824652225843		0.305930026703919		0.5851580673306553		0.8071101100379023		0.9500612134020239		1.000019145997036		0.9520939633735229		0.8109766418906721		0.5904799201278672		0.3137463372019339		9.404802618488063e-05		0		0		0		0		0		0		0		0		
1.01		-4.774214005654043e-05		0.003194104126285926		-0.006485774459970807		0.3028485025081582		0.5825395921599001		0.8052109834918771		0.9490673243442201		1.000027777522031		0.9531042706169377		0.8128976129594264		0.5930608164905649		0.3184663292114967		9.546344897896309e-05		0		0		0		0		0		0		7.880481173738285e-06		
1.515		2.508892526828343e-05		-0.0001454153132255911		0.00490192439769814		-0.009728815325599854		0.299763642135126		0.5799148622416582		0.8033032958505972		0.9480634058140234		1.000025932679782		0.9541042049925156		0.8148194545855235		0.5955856906520142		0.3232573286508053		9.690017388609648e-05		0		0		0		0		3.979642992737833e-08		-3.994954788776687e-07		
2.02		-1.644142615516509e-06		5.314407959778108e-05		-0.0002952630114776481		0.00668505394071044		-0.01297191314884579		0.2966754778622477		0.577283904871159		0.8013870669563198		0.947049465059873		1.00001366669192		0.9550933099782766		0.8167436645046167		0.598052272336324		0.3281204037535048		9.835852150308224e-05		0		0		2.009719711332605e-10		-2.817360409872531e-09		1.751242979280579e-07		
2.525		4.791847871525514e-07		-4.228161169757556e-06		9.363820692701613e-05		-0.0004995844654103378		0.008544610620014282		-0.01621503382716775		0.2935840420042937		0.5746467473922002		0.7994623170831031		0.9460255060239068		0.9999910523508185		0.9560710806122054		0.8186718140204062		0.6004582356300738		0.3330566388237128		9.983881725170362e-05		1.014908454222966e-12		-1.826720668963482e-11		1.145003248073946e-09		-1.468268028075345e-08		
3.03		-4.588748274802073e-08		1.044255502692755e-06		-8.696824504917638e-06		0.0001482393933270876		-0.0007607358059042476		0.01048172860189325		-0.01945814325622232		0.2904893669151447		0.5720034171725032		0.7975290670984949		0.9449915286944068		0.999958181629196		0.9570369610035409		0.8206055503113086		0.6028011978219769		0.338067134477788		0.0001013413913386927		7.179620083694108e-12		-1.15704228854405e-10		3.877240595720988e-09		
3.535		1.013142175852022e-08		-1.114865887173369e-07		1.983386656858918e-06		-1.564903933940756e-05		0.0002186939153348966		-0.001081131248125084		0.0124975585997233		-0.02270120733050174		0.2873914849908977		0.5693539415721764		0.795587338648797		0.9439475284035788		0.9999151673756163		0.9579903417543878		0.8225465987963848		0.6050787182202204		0.3431530078897491		0.0001028665785497233		2.919339337431823e-11		-4.271099013501603e-10		
4.04		-1.200186755734288e-09		2.254088270634196e-08		-2.320581823444052e-07		3.432186589207965e-06		-2.574001788272874e-05		0.0003068286677766036		-0.001463244298282838		0.01459326812319625		-0.02594419194420334		0.2842904286745864		0.566698347904435		0.7936371543697963		0.9428934950676624		0.9998621450992777		0.9589305572889961		0.8244967655618873		0.6072882969470725		0.3483153930404084		0.0001044147178132044		8.938134284226705e-11		
4.545		2.286817435093292e-10		-2.843215129644808e-09		4.487703473169517e-08		-4.345246987395488e-07		5.55070012909024e-06		-3.968404508050187e-05		0.0004145536536442676		-0.001909608983566467		0.0167700417313355		-0.0291870629924054		0.2811862304628273		0.5640366633876556		0.7916785381249531		0.9418294123662446		0.9997992748476006		0.9598568830879843		0.8264579398498116		0.6094273737103387		0.3535554409702898		0.0001059861514587851		
5.05		0.0001075812240835003		5.159010532500659e-10		-5.982383644087757e-09		8.231741620097783e-08		-7.530377957068272e-07		8.525383423054688e-06		-5.825734376422386e-05		0.0005438645374445441		-0.002422821105680633		0.01902908128937673		-0.03242978637263627		0.2780789229147319		0.5613689150877778		0.7897115152731524		0.9407552568575142		0.99972674318023		0.9607685328247145		0.8284320966098735		0.6114933265512413		0.3588743200364032		
5.555		0.3642732161729523		0.0001092002809253084		1.059614227162581e-09		-1.152983945189041e-08		1.417455392949359e-07		-1.229930807344945e-06		1.257117896732751e-05		-8.230104057419797e-05		0.0006968452634686177		-0.003005539518419412		0.02137160622959123		-0.03567232798693728		0.2749685386634637		0.5586951298499889		0.7877361129682374		0.9396709970260619		0.9996447652431957		0.9616646554009518		0.830421299116356		0.6134834705682874		
6.06		0.6153950566166825		0.3697533331560596		0.0001108436656292991		2.023126167703802e-09		-2.076359945256155e-08		2.32084872673962e-07		-1.916742218138469e-06		1.793369470684369e-05		-0.0001127242355985769		0.0008756707404634864		-0.003660487429720442		0.02379885381613451		-0.03891465374453387		0.2718551104308537		0.5560153342185512		0.7857523604926636		0.9385765922596908		0.9995535869470842		0.9625443318788672		0.8324277016513079		
6.565		0.8344535522556028		0.6172252699828382		0.375315892872596		0.0001125117172760069		3.642951172527739e-09		-3.54205457666685e-08		3.64669426861849e-07		-2.875313841901824e-06		2.489149118705369e-05		-0.0001505071787477398		0.001082609594216322		-0.004390453728651934		0.02631207941400828		-0.04215672956524558		0.2687386710455331		0.5533295543435492		0.7837602896277412		0.9374719917515509		0.9994534872532117		0.9634065723063672		
7.069999999999999		0.9642503124326537		0.8365011955494012		0.6189712290335131		0.3809621355932082		0.0001142047665239361		6.251311163236655e-09		-5.780381536198424e-08		5.536535404529676e-07		-4.178967540758312e-06		3.375848087304084e-05		-0.0001967045559613336		0.001320026989595923		-0.005198294337794202		0.02891255676223048		-0.04539852138378282		0.2656192534650831		0.5506378158732473		0.7817599350630613		0.9363571333237694		0.9993447805719053		
7.574999999999999		0.9992278192771407		0.9650744103108414		0.8385730756235917		0.6206299838391149		0.386693320249648		0.0001159231306994994		1.030320046430674e-08		-9.090598502711623e-08		8.164636022148831e-07		-5.91376447539958e-06		4.488644388246232e-05		-0.0002524488884252905		0.001590387523628269		-0.006086933591486941		0.03160157825131475		-0.04863999515509703		0.2624968908027488		0.5479401438306573		0.7797513348478408		0.9352319421685816		
8.08		0.934096329502818		0.9991029963419129		0.9658776427843728		0.8406717390038213		0.6221985147706857		0.3925107247165093		0.0001176671076469731		1.640861512152475e-08		-1.385495491070613e-07		1.174294586990183e-06		-8.179851039339553e-06		5.866766451456448e-05		-0.0003189540480580284		0.001896258191216902		-0.007059365640423486		0.03438045520516837		-0.05188111686097167		0.2593716163593155		0.5452365624728184		0.7777345308870618		
8.585000000000001		0.7757095694854321		0.9329501911314241		0.998970748098862		0.9666587018538929		0.8427998376887563		0.6236737310700763		0.3984156460974925		0.0001194369681286731		2.537059838045606e-08		-2.055462887682901e-07		1.652654432213661e-06		-1.10928957969174e-05		7.553769309712041e-05		-0.0003975188926089001		0.002240311425153329		-0.00811865588308365		0.03725051816752623		-0.05512185251806381		0.2562434636607992		0.5425270951311936		
9.090000000000002		0.5398117640314746		0.7736765019423455		0.9317934059155271		0.9988315571308148		0.9674161909211538		0.8449601322642559		0.6250524693928105		0.4044094010163219		0.0001212329465412239		3.822981117300354e-08		-2.978772382761803e-07		2.281959437076975e-06		-1.478562191758807e-05		9.597823781669526e-05		-0.0004895310237978184		0.002625328212097875		-0.009267942424507559		0.04021311719304761		-0.05836216818763021		0.2531124665026587		
9.595000000000002		0.2499786590012999		0.5370905900909805		0.7716353852011862		0.9306258341403781		0.9986859552960528		0.9681486209064393		0.84715549509517		0.6263314923231242		0.4104933259124526		0.0001230552296874115		5.631639747774719e-08		-4.228950660813038e-07		3.098184028122815e-06		-1.940943977774233e-05		0.0001205201913452669		-0.000596470672012906		0.00305420128624744		-0.01051043756292419		0.04326962214321278		-0.06160202998719854		
10.1		-0.06484140410447256		0.2468420756537067		0.5343635926917147		0.7695862825564875		0.9294473157783177		0.9985345268932694		0.9688544062359		0.8493889135965154		0.6275074868606569		0.416668777341716		0.000124903943314534		8.130997943004171e-08		-5.895508066686948e-07		4.143568403572282e-06		-2.51361845861024e-05		0.0001497467972280222		-0.000719914711173041		0.003529938402443465		-0.01184942930476012		0.04642142298716739		
10.605		0.04966993010767538		-0.06808025681379122		0.2437027514061018		0.5316307894270201		0.7675292644226294		0.928257668641718		0.998377911971334		0.9695318606951067		0.8516634935858194		0.628577062878255		0.4229371322820636		0.0001267791360992575		1.153086862725446e-07		-8.086470033806786e-07		5.467387744228215e-06		-3.215996407983034e-05		0.0001842969611532215		-0.0008615408074543476		0.004055665690511113		-0.01328828290856642		
11.11		-0.01483044245841426		0.05301657461235391		-0.07131855449549497		0.2405607217326148		0.5288921958196426		0.7654644091679466		0.9270566864206623		0.9982168097891392		0.9701791931450282		0.8539824627184575		0.6295367515503406		0.4292997884445819		0.0001286807607255902		1.609081948772505e-07		-1.093119453043688e-06		7.126786861607209e-06		-4.0699121536056e-05		0.000224868712385491		-0.001023131705674069		0.004634631092659251		
11.61500000000001		0.005270207885810287		-0.01647943246732396		0.05646280865037898		-0.07455626365858854		0.237416022725014		0.5261478250088768		0.763391804018304		0.9258441365999139		0.998051982430979		0.9707945030965491		0.8563491740078535		0.6303830037512788		0.4357581645899686		0.0001306086516665554		2.212918378674477e-07		-1.458349880487384e-06		9.187684344295853e-06		-5.099831954777606e-05		0.0002722228208088707		-0.001206579657221907		
12.12000000000001		-0.001413890993527869		0.005965898290769357		-0.01823885951130567		0.06001010573486614		-0.07779335096712826		0.2342686911946395		0.523397687404322		0.7613115460343977		0.9246197582495175		0.9978842585830643		0.9713757761395383		0.8587671094324503		0.631112188423168		0.442313700850673		0.0001325624992412995		3.003329185638432e-07		-1.922512015225334e-06		1.17257504616726e-05		-6.333075022419903e-05		0.0003271865751955464		
12.62500000000001		0.0003906577284905349		-0.001647190849157022		0.006725337170183755		-0.02011241389460563		0.06365996107114809		-0.08102978327080398		0.2311187647877656		0.5206417903036258		0.7592237431672445		0.9233832596831577		0.9977145374769685		0.9719208792223831		0.8612398836313988		0.6317205909124592		0.4489678590589221		0.000134541819477541		4.027104603257049e-07		-2.5069536939663e-06		1.482746329036469e-05		-7.800047769381945e-05		
13.13000000000001		-9.534491901401415e-05		0.0004636086160818015		-0.001908728038725287		0.007552295817285891		-0.02210387134676708		0.06741389189119024		-0.08426552764023038		0.2279662821157132		0.5178801374714337		0.7571285153965387		0.9221343159781752		0.9975437930059655		0.9724275557777968		0.8637712476909585		0.6322044112747958		0.4557221230808752		0.0001365459192642709		5.340397116186711e-07		-3.236617771550612e-06		1.859124774340765e-05		
13.63500000000001		2.312870240534072e-05		-0.000115737469823982		0.0005470904532095046		-0.002200880091936723		0.008450685837456574		-0.02421709475213202		0.07127343779440565		-0.08750055140751092		0.2248112829011314		0.5151127286765982		0.7550259959567754		0.9208725663509046		0.9973730780204109		0.972893420690602		0.8663650930236424		0.6325597625474482		0.4625779991571657		0.0001385738562312484		7.01018827590908e-07		-4.140504789675714e-06		
14.14000000000001		-5.25218052771879e-06		2.856591930871113e-05		-0.0001395902813186244		0.0006422378178573914		-0.002526158451151514		0.009424563124689898		-0.02645603591242709		0.07524016109515314		-0.09073482221268989		0.2216538081419755		0.5123395591845219		0.7529163326562748		0.919597611380763		0.9972035288085063		0.9733159551030849		0.8690254553421881		0.6327826689887023		0.4695370162501158		0.0001406243927399062		9.115932543656036e-07		
14.64500000000001		1.175139453959945e-06		-6.610331743425104e-06		3.504490202899141e-05		-0.0001673571953697184		0.0007502733256639746		-0.002887213836005368		0.01047813193508679		-0.02882473734309578		0.07931564717722724		-0.09396830805676273		0.2184939002948175		0.5095606192013307		0.7507996892944814		0.9183090100762632		0.9970363697689802		0.9736925010534013		0.8717565187304782		0.6328690642835383		0.4766007263979319		0.000142695943314564		
15.15000000000001		0.0001447865147831193		1.502669726031293e-06		-8.259373603563457e-06		4.272508772606214e-05		-0.0001995368448777057		0.0008725125035911137		-0.003286841779715127		0.01161574905955107		-0.0313273341040583		0.08350150485567427		-0.09720097736197612		0.2153316034792449		0.5067758932663767		0.7486762471831638		0.9170062767758741		0.996872918282419		0.9740202559424043		0.8745626198135823		0.6328147897149209		0.4837707050762144		
15.65500000000001		0.4910485515671464		0.0001468936383324141		1.907060007856304e-06		-1.025011250622335e-05		5.178497902151639e-05		-0.0002366759267028579		0.001010368869293167		-0.003727988341822311		0.01284192809791004		-0.0339680556656014		0.08779936674629808		-0.1004327990402115		0.2121669637052283		0.5039853595893723		0.7465462067774017		0.9156888778763835		0.9967145897881856		0.9742962668241447		0.8774482520291417		0.6326155922999982		
16.16000000000001		0.632267122890487		0.4984358893367546		0.0001490142926150026		2.403302666408288e-06		-1.264046820762392e-05		6.242389187244815e-05		-0.0002793726547987312		0.001165359223341103		-0.004213756002246015		0.01416134383673098		-0.03675122781012236		0.09221088964324951		-0.1036637425703154		0.2090000291254715		0.5011889893282423		0.7444097894225167		0.9143562283811426		0.9965629030740797		0.9745174245151772		0.8804180700023644		
16.66500000000001		0.8834768940269517		0.6317649342364977		0.5059343664206697		0.000151144816970815		3.008786436466837e-06		-1.549625938751846e-05		7.486382588445556e-05		-0.0003282804014539507		0.001339109161673023		-0.004747409741639229		0.01557883673315565		-0.03968127457047411		0.0967377549051274		-0.106893778085313		0.2058308503148959		0.4983867458035645		0.7422672392233886		0.9130076882602913		0.9964194857861014		0.9746804575176801		
17.17000000000001		0.9747819257512738		0.8866297146543282		0.6311044790130272		0.5135456558188511		0.0001532808137489459		3.743605806741285e-06		-1.889205701892062e-05		8.935146379968978e-05		-0.0003841115348407385		0.001533358815865587		-0.005332383313168222		0.01709941750712707		-0.04276272020568365		0.1013816688500546		-0.1101228764705184		0.2026594805795615		0.4955785836452325		0.7401188250428885		0.9116425586147723		0.9962860801659129		
17.67500000000001		0.9961645490238136		0.9748182140882943		0.8898816973935991		0.6302811078083238		0.5212714558997779		0.0001554170386312064		4.630902312401479e-06		-2.291211015037487e-05		0.0001061603072002952		-0.0004476414613704894		0.001749968829050037		-0.00597228571096336		0.01872827184443635		-0.0460001912148414		0.1061443631602321		-0.1133510094736405		0.1994859762974814		0.4927644478667357		0.7379648426364649		0.9102600776356337		
